 12540407195
 35327007195
 45177507195
 94720797195
 57847016195
 50969956195
 37449906195
 89288806195
 18417506195
 43177506195
 99660407195
 85727497195
 65816706195
 06679307195
 79530516195
 37521507195
 70074156195
 79516656195
 47859607195
 62098897195
 76426256195
 80188497195
 18248506195
 23493316195
 25717197195
 03803806195
 53280906195
 09957707195
 96858616195
 81402706195
 33032206195
 13016607195
 07952107195
 27395907195
 19109307195
 79816616195
 55484806195
 04859207195
 44696497195
 24187256195
 93724806195
 90250707195
 76109307195
 60443956195
 49704997195
 77493907195
 15062607195
 66306316195
 46715907195
 62514807195
 34816806195
 76777806195
 61434056195
 71414706195
 82636656195
 23920707195
 99629006195
 91913997195
 34071607195
 39556497195
 51050216195
 48603906195
 60494306195
 53816806195
 88101207195
 88118397195
 14917497195
 99074007195
 05879256195
 75952107195
 32876107195
 12071607195
 65684306195
 98611707195
 76816806195
 11208156195
 83388806195
 95457997195
 81952756195
 95954316195
 35394607195
 96364606195
 27071607195
 18115307195
 42395907195
 47108806195
 62339797195
 69226656195
 92092916195
 60995307195
 51835806195
 76226656195
 80193907195
 76695907195
 05148506195
 92059497195
 85910806195
 30776856195
 44317506195
 91917307195
 73661816195
 98521507195
 08217506195
 48625307195
 59417506195
 78850797195
 79108806195
 25143356195
 04290456195
 72457906195
 96032206195
 90128297195
 36724806195
 42204107195
 71378107195
 73937597195
 90234807195
 04025497195
 26514807195
 04907506195
 72556497195
 61651906195
 51463316195
 24539406195
 64564697195
 14855906195
 18306897195
 86059497195
 24934797195
 95731307195
 26541707195
 17264116195
 32739107195
 84434806195
 95395907195
 12470097195
 96371506195
 74540407195
 55123806195
 24729797195
 91720797195
 86748607195
 28954316195
 44012716195
 99359216195
 90873907195
 36118397195
 89357007195
 93704997195
 20425707195
 23463316195
 99461806195
 53118397195
 77991006195
 18604607195
 84174507195
 09917497195
 90096007195
 21449797195
 13933907195
 37340306195
 95879406195
 93306316195
 10736556195
 09144797195
 82847016195
 93234807195
 66228397195
 89025497195
 57815906195
 39460507195
 61284756195
 27388697195
 22528697195
 15920056195
 44210197195
 72954956195
 72357007195
 72816806195
 70213907195
 13315656195
 89122056195
 54933907195
 06704997195
 38909656195
 68725807195
 82193907195
 53453797195
 29686706195
 87032206195
 97564206195
 34884906195
 68789797195
 90306897195
 11661816195
 44603906195
 57729607195
 21032206195
 97148506195
 67285107195
 45337507195
 53494306195
 80075907195
 39294797195
 05219797195
 02734756195
 51109556195
 33850797195
 04269806195
 22919316195
 21356856195
 27025497195
 75831307195
 53387707195
 95715907195
 82306316195
 08109307195
 49799406195
 16720797195
 80950007195
 22686606195
 35691806195
 21982216195
 18719797195
 20429107195
 48229797195
 06327007195
 99974256195
 15736556195
 48662807195
 17717197195
 41288806195
 22143356195
 94184607195
 66237197195
 21340306195
 93276497195
 62221306195
 54476897195
 66174507195
 46769816195
 86193907195
 03290456195
 19275307195
 98959456195
 91208156195
 55392407195
 64177506195
 63985307195
 18193407195
 96886997195
 20349756195
 55746816195
 75959456195
 25646607195
 11869007195
 05318607195
 44528697195
 19661816195
 71568906195
 58443956195
 49590306195
 89205307195
 32709807195
 73424506195
 47909656195
 68092916195
 16725807195
 77085507195
 51228397195
 33831307195
 49869007195
 37624056195
 24945016195
 78706056195
 60395907195
 19229797195
 61709807195
 00199007195
 57909656195
 12969956195
 17313607195
 84305156195
 11143356195
 64332807195
 88660056195